crane: 0.0
hostler: 0.0018928077738425498
truck: 0.013760017918324973
