crane: 0.0
hostler: 0.0019168163174070507
truck: 0.01337536359778584
