crane: 0.0
hostler: 0.0021119418504930766
truck: 0.01489569845431589
